         Time[s],            X[m],            Y[m],          u[m/s],          v[m/s],        Yaw[deg],  yawrate[deg/s],        rud[deg],        cpp[deg],         log[kt],      o_rud[deg],      o_cpp[deg],
 0.00000000e+000,-4.80000000e+002,-4.67200000e+002, 4.94536255e+000, 0.00000000e+000, 0.00000000e+000, 0.00000000e+000, 0.00000000e+000, 1.00000000e+001, 9.61301576e+000, 1.37731459e+001, 1.00000000e+001,
 1.00000000e+000,-4.75054648e+002,-4.67200392e+002, 4.94527195e+000,-2.42767831e-003, 2.44359367e-002, 4.44633164e-003, 3.74442932e+000, 1.00000000e+001, 9.61284079e+000, 1.39643023e+001, 1.00000000e+001,
 2.00000000e+000,-4.70109574e+002,-4.67204202e+002, 4.94456312e+000,-1.15257281e-002, 1.01257892e-001, 5.47702888e-002, 7.03156599e+000, 1.00000000e+001, 9.61148789e+000, 1.30617191e+001, 1.00000000e+001,
 3.00000000e+000,-4.65165555e+002,-4.67212531e+002, 4.94286263e+000,-2.70002200e-002, 2.10145039e-001, 1.95805581e-001, 8.99528398e+000, 1.00000000e+001, 9.60829965e+000, 6.69890150e+000, 1.00000000e+001,
 4.00000000e+000,-4.60223336e+002,-4.67221989e+002, 4.94089914e+000,-4.51612664e-002, 3.08403242e-001, 4.45096460e-001, 9.10617262e+000, 1.00000000e+001, 9.60474076e+000, 9.98359022e+000, 1.00000000e+001,
 5.00000000e+000,-4.55282996e+002,-4.67225659e+002, 4.93863077e+000,-6.51525611e-002, 3.98794288e-001, 7.88600222e-001, 9.22842942e+000, 1.00000000e+001, 9.60076557e+000, 8.49980875e+000, 1.00000000e+001,
 6.00000000e+000,-4.50344695e+002,-4.67217039e+002, 4.93639274e+000,-8.50550610e-002, 4.69309014e-001, 1.21597495e+000, 8.41115534e+000, 1.00000000e+001, 9.59700410e+000, 7.22124010e+000, 1.00000000e+001,
 7.00000000e+000,-4.45408306e+002,-4.67188835e+002, 4.93436471e+000,-1.03284404e-001, 5.15984091e-001, 1.70460279e+000, 7.42644620e+000, 1.00000000e+001, 9.59373864e+000, 6.22747548e+000, 1.00000000e+001,
 8.00000000e+000,-4.40473740e+002,-4.67134606e+002, 4.93250840e+000,-1.19226162e-001, 5.43300833e-001, 2.23218084e+000, 6.46847296e+000, 1.00000000e+001, 9.59082984e+000, 5.37778844e+000, 1.00000000e+001,
 9.00000000e+000,-4.35541066e+002,-4.67049240e+002, 4.93077312e+000,-1.32674973e-001, 5.56245482e-001, 2.78128705e+000, 5.59862871e+000, 1.00000000e+001, 9.58812526e+000, 4.64888815e+000, 1.00000000e+001,
 1.00000000e+001,-4.30610508e+002,-4.66928631e+002, 4.92912607e+000,-1.43644887e-001, 5.58984407e-001, 3.33923223e+000, 4.82743591e+000, 1.00000000e+001, 9.58552226e+000, 4.00457110e+000, 1.00000000e+001,
 1.10000000e+001,-4.25682351e+002,-4.66770134e+002, 4.92755309e+000,-1.52295886e-001, 5.54678642e-001, 3.89703407e+000, 4.14562143e+000, 1.00000000e+001, 9.58297068e+000, 3.42871621e+000, 1.00000000e+001,
 1.20000000e+001,-4.20756945e+002,-4.66571787e+002, 4.92605317e+000,-1.58826887e-001, 5.45475940e-001, 4.44853514e+000, 3.54181064e+000, 1.00000000e+001, 9.58045718e+000, 2.91877675e+000, 1.00000000e+001,
 1.30000000e+001,-4.15834655e+002,-4.66332285e+002, 4.92463150e+000,-1.63458033e-001, 5.32883141e-001, 4.98945495e+000, 3.00923386e+000, 1.00000000e+001, 9.57798951e+000, 2.46837637e+000, 1.00000000e+001,
 1.40000000e+001,-4.10915843e+002,-4.66050866e+002, 4.92329533e+000,-1.66416037e-001, 5.17992518e-001, 5.51684874e+000, 2.54118298e+000, 1.00000000e+001, 9.57558616e+000, 2.07283915e+000, 1.00000000e+001,
 1.50000000e+001,-4.06000852e+002,-4.65727215e+002, 4.92205197e+000,-1.67922151e-001, 5.01602143e-001, 6.02874236e+000, 2.13204673e+000, 1.00000000e+001, 9.57327003e+000, 1.72966668e+000, 1.00000000e+001,
 1.60000000e+001,-4.01089993e+002,-4.65361379e+002, 4.92090756e+000,-1.68186929e-001, 4.84317487e-001, 6.52387881e+000, 1.77697832e+000, 1.00000000e+001, 9.57106433e+000, 1.43142045e+000, 1.00000000e+001,
 1.70000000e+001,-3.96183543e+002,-4.64953694e+002, 4.91986654e+000,-1.67404453e-001, 4.66583540e-001, 7.00154524e+000, 1.46880545e+000, 1.00000000e+001, 9.56899008e+000, 1.17117252e+000, 1.00000000e+001,
 1.80000000e+001,-3.91281740e+002,-4.64504730e+002, 4.91893156e+000,-1.65747581e-001, 4.48703833e-001, 7.46141622e+000, 1.20122212e+000, 1.00000000e+001, 9.56706467e+000, 9.45155388e-001, 1.00000000e+001,
 1.90000000e+001,-3.86384808e+002,-4.64015014e+002, 4.91810414e+000,-1.63365525e-001, 4.30893723e-001, 7.90333157e+000, 9.69537355e-001, 1.00000000e+001, 9.56530237e+000, 7.49263178e-001, 9.99999997e+000,
 2.00000000e+001,-3.81492883e+002,-4.63485634e+002, 4.91738310e+000,-1.60396337e-001, 4.13309809e-001, 8.32750891e+000, 7.70254626e-001, 9.99999995e+000, 9.56371165e+000, 5.83288820e-001, 1.00000000e+001,
 2.10000000e+001,-3.76606082e+002,-4.62917629e+002, 4.91676629e+000,-1.56959001e-001, 3.96083976e-001, 8.73424301e+000, 5.98823070e-001, 1.00000000e+001, 9.56229778e+000, 4.38042514e-001, 9.99999473e+000,
 2.20000000e+001,-3.71724487e+002,-4.62312076e+002, 4.91625049e+000,-1.53154153e-001, 3.79291493e-001, 9.12392125e+000, 4.53768816e-001, 9.99999732e+000, 9.56106251e+000, 3.22027682e-001, 1.00000000e+001,
 2.30000000e+001,-3.66848152e+002,-4.61670114e+002, 4.91583166e+000,-1.49073921e-001, 3.63038929e-001, 9.49701725e+000, 3.31455752e-001, 9.99999913e+000, 9.56000506e+000, 2.18191183e-001, 1.00000000e+001,
 2.40000000e+001,-3.61977099e+002,-4.60992918e+002, 4.91550486e+000,-1.44792469e-001, 3.47345121e-001, 9.85408292e+000, 2.26860911e-001, 9.99999973e+000, 9.55912144e+000, 1.26981429e-001, 1.00000000e+001,
 2.50000000e+001,-3.57111325e+002,-4.60281680e+002, 4.91526466e+000,-1.40367897e-001, 3.32177271e-001, 1.01956736e+001, 1.30277267e-001, 9.99999990e+000, 9.55840536e+000, 4.42539094e-002, 9.99999512e+000,
 2.60000000e+001,-3.52250805e+002,-4.59537595e+002, 4.91510562e+000,-1.35845951e-001, 3.17503035e-001, 1.05222780e+001, 5.95996067e-002, 9.99999927e+000, 9.55784946e+000, 9.40647134e-004, 9.99999987e+000,
 2.70000000e+001,-3.47395493e+002,-4.58761866e+002, 4.91502263e+000,-1.31293664e-001, 3.03560208e-001, 1.08344832e+001, 9.39971006e-003, 9.99999975e+000, 9.55744780e+000,-4.26770219e-002, 1.00000000e+001,
 2.80000000e+001,-3.42545348e+002,-4.57955544e+002, 4.91500964e+000,-1.26751252e-001, 2.90303463e-001, 1.11329663e+001,-4.44067526e-002, 9.99999990e+000, 9.55719086e+000,-8.89404519e-002, 1.00000000e+001,
 2.90000000e+001,-3.37700272e+002,-4.57119922e+002, 4.91506017e+000,-1.22236387e-001, 2.77581282e-001, 1.14183753e+001,-7.84350510e-002, 9.99999996e+000, 9.55706683e+000,-1.00727742e-001, 1.00000000e+001,
 3.00000000e+001,-3.32860168e+002,-4.56256186e+002, 4.91516901e+000,-1.17793793e-001, 2.65582266e-001, 1.16913401e+001,-9.99500969e-002, 1.00000000e+001, 9.55706753e+000,-1.19532989e-001, 1.00000000e+001,
 3.10000000e+001,-3.28024935e+002,-4.55365458e+002, 4.91533026e+000,-1.13446946e-001, 2.54265104e-001, 1.19525758e+001,-1.11655258e-001, 1.00000000e+001, 9.55718218e+000,-1.14062722e-001, 1.00000000e+001,
 3.20000000e+001,-3.23194465e+002,-4.54448826e+002, 4.91553862e+000,-1.09225431e-001, 2.43706678e-001, 1.22027821e+001,-1.08592030e-001, 1.00000000e+001, 9.55740128e+000,-9.43120256e-002, 1.00000000e+001,
 3.30000000e+001,-3.18368642e+002,-4.53507340e+002, 4.91578883e+000,-1.05160782e-001, 2.34001145e-001, 1.24427506e+001,-9.00918885e-002, 1.00000000e+001, 9.55771527e+000,-6.90600563e-002, 1.00000000e+001,
 3.40000000e+001,-3.13547350e+002,-4.52542012e+002, 4.91607538e+000,-1.01274081e-001, 2.25130230e-001, 1.26733542e+001,-8.35084906e-002, 1.00000000e+001, 9.55811356e+000,-9.77558892e-002, 9.99999999e+000,
 3.50000000e+001,-3.08730476e+002,-4.51553781e+002, 4.91639251e+000,-9.75350941e-002, 2.16647266e-001, 1.28952584e+001,-7.46002742e-002, 1.00000000e+001, 9.55858296e+000,-3.62205863e-002, 1.00000000e+001,
 3.60000000e+001,-3.03917913e+002,-4.50543528e+002, 4.91673722e+000,-9.39825290e-002, 2.08955244e-001, 1.31089379e+001,-3.21300685e-002, 1.00000000e+001, 9.55911842e+000, 1.27665965e-002, 1.00000000e+001,
 3.70000000e+001,-2.99109563e+002,-4.49512029e+002, 4.91710531e+000,-9.06509386e-002, 2.02215690e-001, 1.33152664e+001, 1.16508788e-002, 1.00000000e+001, 9.55971224e+000, 5.91140956e-002, 9.99999999e+000,
 3.80000000e+001,-2.94305303e+002,-4.48460166e+002, 4.91749208e+000,-8.75474005e-002, 1.96337118e-001, 1.35151699e+001, 7.00984665e-002, 1.00000000e+001, 9.56035465e+000, 1.21579245e-001, 9.99999999e+000,
 3.90000000e+001,-2.89505024e+002,-4.47388726e+002, 4.91789344e+000,-8.46881376e-002, 1.91350699e-001, 1.37095593e+001, 1.24301526e-001, 1.00000000e+001, 9.56103738e+000, 2.12715500e-001, 1.00000000e+001,
 4.00000000e+001,-2.84708635e+002,-4.46298392e+002, 4.91830568e+000,-8.20960694e-002, 1.87394108e-001, 1.38993005e+001, 2.20290146e-001, 1.00000000e+001, 9.56175317e+000, 3.02217353e-001, 1.00000000e+001,
 4.10000000e+001,-2.79916048e+002,-4.45189808e+002, 4.91872457e+000,-7.97954469e-002, 1.84497291e-001, 1.40855667e+001, 2.44387233e-001, 1.00000000e+001, 9.56249373e+000, 1.33936643e-001, 1.00000000e+001,
 4.20000000e+001,-2.75127208e+002,-4.44063472e+002, 4.91914566e+000,-7.75754460e-002, 1.80532233e-001, 1.42687179e+001, 1.81180780e-001, 9.99999972e+000, 9.56324316e+000, 3.30184420e-001, 9.99999918e+000,
 4.30000000e+001,-2.70342091e+002,-4.42919752e+002, 4.91957139e+000,-7.55369312e-002, 1.77326026e-001, 1.44477738e+001, 3.95182399e-001, 9.99999977e+000, 9.56400894e+000, 6.64671623e-001, 9.99999999e+000,
 4.40000000e+001,-2.65560601e+002,-4.41759277e+002, 4.91999741e+000,-7.40248178e-002, 1.77803127e-001, 1.46249995e+001, 6.54466085e-001, 9.99999994e+000, 9.56479229e+000, 9.24201163e-001, 1.00000000e+001,
 4.50000000e+001,-2.60782646e+002,-4.40582642e+002, 4.92041252e+000,-7.31032472e-002, 1.81388624e-001, 1.48039660e+001, 8.38415952e-001, 1.00000000e+001, 9.56557233e+000, 7.44813910e-001, 1.00000000e+001,
 4.60000000e+001,-2.56008234e+002,-4.39390066e+002, 4.92081246e+000,-7.24882024e-002, 1.84568329e-001, 1.49867514e+001, 7.84877684e-001, 1.00000000e+001, 9.56633198e+000, 7.05879892e-001, 1.00000000e+001,
 4.70000000e+001,-2.51237451e+002,-4.38181475e+002, 4.92120127e+000,-7.18702530e-002, 1.85200538e-001, 1.51718812e+001, 5.10238914e-001, 1.00000000e+001, 9.56707007e+000,-3.70883403e-001, 1.00000000e+001,
 4.80000000e+001,-2.46470440e+002,-4.36956592e+002, 4.92158313e+000,-7.04533805e-002, 1.76994927e-001, 1.53548903e+001, 3.08056336e-001, 9.99999989e+000, 9.56777245e+000, 3.88730959e+000, 9.99999970e+000,
 4.90000000e+001,-2.41707262e+002,-4.35715443e+002, 4.92193344e+000,-7.06207723e-002, 1.87353374e-001, 1.55324613e+001, 2.55446552e+000, 9.88571026e+000, 9.56845799e+000, 1.19293928e+000, 9.60420198e+000,
 5.00000000e+001,-2.36947529e+002,-4.34460282e+002, 4.92179557e+000,-7.28095812e-002, 2.09560700e-001, 1.57298615e+001, 1.80519103e+000, 9.92502039e+000, 9.56825200e+000, 1.81975953e+000, 9.99979006e+000,
 5.10000000e+001,-2.32192028e+002,-4.33190113e+002, 4.92146648e+000,-7.46457915e-002, 2.20818022e-001, 1.59439040e+001, 1.81021737e+000, 9.97157208e+000, 9.56766585e+000, 2.15312630e+000, 9.99999865e+000,
 5.20000000e+001,-2.27441115e+002,-4.31903776e+002, 4.92133035e+000,-7.68014669e-002, 2.32064882e-001, 1.61687420e+001, 2.05550566e+000, 9.99030251e+000, 9.56746572e+000, 2.24661933e+000, 9.99999941e+000,
 5.30000000e+001,-2.22694797e+002,-4.30600721e+002, 4.92134562e+000,-7.94384659e-002, 2.45073618e-001, 1.64055040e+001, 2.37410623e+000, 9.99683588e+000, 9.56757675e+000, 2.92045180e+000, 9.99998240e+000,
 5.40000000e+001,-2.17953158e+002,-4.29280428e+002, 4.92139141e+000,-8.28803170e-002, 2.62738258e-001, 1.66567518e+001, 2.89775808e+000, 9.99898200e+000, 9.56777608e+000, 3.47254176e+000, 9.99999680e+000,
 5.50000000e+001,-2.13216406e+002,-4.27942375e+002, 4.92137207e+000,-8.73618616e-002, 2.85837935e-001, 1.69278715e+001, 3.41476811e+000, 9.99967334e+000, 9.56788913e+000, 3.97015208e+000, 9.99999730e+000,
 5.60000000e+001,-2.08484893e+002,-4.26585822e+002, 4.92123314e+000,-9.28921190e-002, 3.13143519e-001, 1.72238248e+001, 3.91116276e+000, 9.99989403e+000, 9.56781596e+000, 4.46486923e+000, 9.99999779e+000,
 5.70000000e+001,-2.03759124e+002,-4.25209698e+002, 4.92093751e+000,-9.94582695e-002, 3.43907960e-001, 1.75483839e+001, 4.44454076e+000, 9.99996485e+000, 9.56749082e+000, 5.11536828e+000, 9.99999825e+000,
 5.80000000e+001,-1.99039743e+002,-4.23812627e+002, 4.92043835e+000,-1.07161784e-001, 3.78803577e-001, 1.79051575e+001, 5.08650474e+000, 9.99998746e+000, 9.56683506e+000, 5.91542747e+000, 9.99999526e+000,
 5.90000000e+001,-1.94327513e+002,-4.22393071e+002, 4.91967047e+000,-1.16189993e-001, 4.19065876e-001, 1.82987407e+001, 5.84898607e+000, 9.99999301e+000, 9.56574103e+000, 6.83016206e+000, 9.99999704e+000,
 6.00000000e+001,-1.89623348e+002,-4.20949295e+002, 4.91855243e+000,-1.26738713e-001, 4.65635364e-001, 1.87348881e+001, 6.71605940e+000, 9.99999580e+000, 9.56407458e+000, 7.83713286e+000, 9.99999714e+000,
 6.10000000e+001,-1.84928355e+002,-4.19479282e+002, 4.91698789e+000,-1.38977116e-001, 5.19020560e-001, 1.92201116e+001, 7.68081192e+000, 9.99999676e+000, 9.56167692e+000, 8.94659812e+000, 9.99999726e+000,
 6.20000000e+001,-1.80243885e+002,-4.17980676e+002, 4.91486147e+000,-1.53055349e-001, 5.79557256e-001, 1.97613549e+001, 8.73912143e+000, 9.99999706e+000, 9.55835779e+000, 1.01358083e+001, 9.99999582e+000,
 6.30000000e+001,-1.75571571e+002,-4.16450745e+002, 4.91203960e+000,-1.69089849e-001, 6.47334255e-001, 2.03658220e+001, 9.87048508e+000, 9.99999595e+000, 9.55389669e+000, 1.13470789e+001, 9.99999654e+000,
 6.40000000e+001,-1.70913435e+002,-4.14886213e+002, 4.90837711e+000,-1.87130742e-001, 7.21940929e-001, 2.10408980e+001, 1.10316197e+001, 9.99999661e+000, 9.54805330e+000, 1.24952859e+001, 9.99999741e+000,
 6.50000000e+001,-1.66271826e+002,-4.13283447e+002, 4.90374245e+000,-2.07097784e-001, 8.02144454e-001, 2.17930207e+001, 1.21561707e+001, 9.99999442e+000, 9.54060968e+000, 1.34815863e+001, 9.99998385e+000,
 6.60000000e+001,-1.61649444e+002,-4.11638452e+002, 4.89804665e+000,-2.28737846e-001, 8.85742637e-001, 2.26267900e+001, 1.31590471e+001, 9.99998953e+000, 9.53141744e+000, 1.42184201e+001, 9.99999420e+000,
 6.70000000e+001,-1.57049408e+002,-4.09946632e+002, 4.89126683e+000,-2.51608342e-001, 9.69599514e-001, 2.35444731e+001, 1.39529810e+001, 9.99998948e+000, 9.52043319e+000, 1.46737535e+001, 9.99998604e+000,
 6.80000000e+001,-1.52475189e+002,-4.08202952e+002, 4.88346252e+000,-2.75094277e-001, 1.05005370e+000, 2.45449506e+001, 1.44885342e+001, 9.99999147e+000, 9.50774125e+000, 1.48955611e+001, 9.99999429e+000,
 6.90000000e+001,-1.47930535e+002,-4.06402092e+002, 4.87475238e+000,-2.98514376e-001, 1.12389700e+000, 2.56235318e+001, 1.47864160e+001, 9.99999399e+000, 9.49351074e+000, 1.49763010e+001, 9.99999627e+000,
 7.00000000e+001,-1.43419369e+002,-4.04538712e+002, 4.86526600e+000,-3.21268575e-001, 1.18934464e+000, 2.67728074e+001, 1.49222305e+001, 9.99999621e+000, 9.47791680e+000, 1.49969163e+001, 9.99999826e+000,
 7.10000000e+001,-1.38945723e+002,-4.02607746e+002, 4.85510979e+000,-3.42933209e-001, 1.24622358e+000, 2.79842189e+001, 1.49742751e+001, 9.99999808e+000, 9.46109157e+000, 1.49999415e+001, 9.99999953e+000,
 7.20000000e+001,-1.34513648e+002,-4.00604638e+002, 4.84436455e+000,-3.63262226e-001, 1.29536936e+000, 2.92494751e+001, 1.49917834e+001, 9.99999115e+000, 9.44312919e+000, 1.49998712e+001, 9.99988221e+000,
 7.30000000e+001,-1.30127354e+002,-3.98525205e+002, 4.83309600e+000,-3.82134935e-001, 1.33790779e+000, 3.05614000e+001, 1.49972518e+001, 9.99994457e+000, 9.42410694e+000, 1.49997657e+001, 9.99991819e+000,
 7.40000000e+001,-1.25790931e+002,-3.96366068e+002, 4.82136681e+000,-3.99517008e-001, 1.37490492e+000, 3.19137966e+001, 1.49989743e+001, 9.99989163e+000, 9.40410826e+000, 1.49998158e+001, 9.99999444e+000,
 7.50000000e+001,-1.21508194e+002,-3.94124795e+002, 4.80924030e+000,-4.15431337e-001, 1.40724709e+000, 3.33013344e+001, 1.49995749e+001, 9.99996287e+000, 9.38322860e+000, 1.49998991e+001, 9.99999791e+000,
 7.60000000e+001,-1.17283063e+002,-3.91799251e+002, 4.79677788e+000,-4.29926859e-001, 1.43561510e+000, 3.47196360e+001, 1.49998154e+001, 9.99996206e+000, 9.36156701e+000, 1.49999542e+001, 9.99993641e+000,
 7.70000000e+001,-1.13119391e+002,-3.89387814e+002, 4.78403900e+000,-4.43071404e-001, 1.46054542e+000, 3.61649458e+001, 1.49999199e+001, 9.99997612e+000, 9.33922537e+000, 1.49999813e+001, 9.99998457e+000,
 7.80000000e+001,-1.09020942e+002,-3.86889345e+002, 4.77108095e+000,-4.54944013e-001, 1.48247134e+000, 3.76340014e+001, 1.49999661e+001, 9.99981693e+000, 9.31630694e+000, 1.49999929e+001, 9.99947585e+000,
 7.90000000e+001,-1.04991391e+002,-3.84303148e+002, 4.75795788e+000,-4.65629486e-001, 1.50175041e+000, 3.91239426e+001, 1.49999861e+001, 9.99987374e+000, 9.29291327e+000, 1.49999976e+001, 9.99999904e+000,
 8.00000000e+001,-1.01034311e+002,-3.81628932e+002, 4.74472134e+000,-4.75214946e-001, 1.51868773e+000, 4.06322446e+001, 1.49999946e+001, 9.99995974e+000, 9.26914451e+000, 1.49999992e+001, 9.99999999e+000,
 8.10000000e+001,-9.71531569e+001,-3.78866782e+002, 4.73141980e+000,-4.83787241e-001, 1.53354754e+000, 4.21566714e+001, 1.49999980e+001, 9.94391208e+000, 9.24509757e+000, 1.49999998e+001, 8.88430122e+000,
 8.20000000e+001,-9.33515173e+001,-3.76016920e+002, 4.71784505e+000,-4.91361269e-001, 1.54586204e+000, 4.36951723e+001, 1.49999992e+001, 9.79459391e+000, 9.22036112e+000, 1.49999999e+001, 9.99898970e+000,
 8.30000000e+001,-8.96332247e+001,-3.73080283e+002, 4.70353323e+000,-4.97865078e-001, 1.55476887e+000, 4.52445506e+001, 1.49999997e+001, 9.90296712e+000, 9.19401344e+000, 1.50000000e+001, 9.99996155e+000,
 8.40000000e+001,-8.60013140e+001,-3.70058599e+002, 4.68945550e+000,-5.03618721e-001, 1.56321477e+000, 4.68025206e+001, 1.49999999e+001, 9.96153490e+000, 9.16798851e+000, 1.50000000e+001, 9.99995995e+000,
 8.50000000e+001,-8.24583499e+001,-3.66953110e+002, 4.67588278e+000,-5.08782714e-001, 1.57165914e+000, 4.83689580e+001, 1.50000000e+001, 9.98652882e+000, 9.14283690e+000, 1.50000000e+001, 9.99999998e+000,
 8.60000000e+001,-7.90067782e+001,-3.63765169e+002, 4.66271623e+000,-5.13408034e-001, 1.57961379e+000, 4.99436875e+001, 1.50000000e+001, 9.99556220e+000, 9.11837343e+000, 1.50000000e+001, 9.99999998e+000,
 8.70000000e+001,-7.56490966e+001,-3.60496358e+002, 4.64981806e+000,-5.17517891e-001, 1.58665906e+000, 5.15260598e+001, 1.50000000e+001, 9.81186212e+000, 9.09433264e+000, 1.50000000e+001, 7.69705558e+000,
 8.80000000e+001,-7.23879483e+001,-3.57148621e+002, 4.63639968e+000,-5.20952462e-001, 1.59081934e+000, 5.31146333e+001, 1.50000000e+001, 9.52053976e+000, 9.06915296e+000, 1.50000000e+001, 8.84544667e+000,
 8.90000000e+001,-6.92266037e+001,-3.53724810e+002, 4.62160640e+000,-5.23503864e-001, 1.59056954e+000, 5.47056484e+001, 1.50000000e+001, 9.59498278e+000, 9.04113440e+000, 1.50000000e+001, 9.99909373e+000,
 9.00000000e+001,-6.61681223e+001,-3.50228273e+002, 4.60658190e+000,-5.25476800e-001, 1.58965507e+000, 5.62957356e+001, 1.50000000e+001, 9.76504616e+000, 9.01254913e+000, 1.50000000e+001, 9.99960992e+000,
 9.10000000e+001,-6.32144086e+001,-3.46661445e+002, 4.59259141e+000,-5.27264005e-001, 1.59102773e+000, 5.78857206e+001, 1.50000000e+001, 9.88468763e+000, 8.98592513e+000, 1.50000000e+001, 9.99984849e+000,
 9.20000000e+001,-6.03668171e+001,-3.43026211e+002, 4.57977955e+000,-5.28987527e-001, 1.59434792e+000, 5.94779040e+001, 1.50000000e+001, 9.95256644e+000, 8.96156764e+000, 1.50000000e+001, 9.99953974e+000,
 9.30000000e+001,-5.76260718e+001,-3.39324876e+002, 4.56789162e+000,-5.30643924e-001, 1.59849573e+000, 6.10738065e+001, 1.50000000e+001, 9.98292343e+000, 8.93898334e+000, 1.50000000e+001, 9.99994704e+000,
 9.40000000e+001,-5.49935945e+001,-3.35559628e+002, 4.55663041e+000,-5.32190558e-001, 1.60255262e+000, 6.26738744e+001, 1.50000000e+001, 9.99428771e+000, 8.91758814e+000, 1.50000000e+001, 9.99995814e+000,
 9.50000000e+001,-5.24709560e+001,-3.31732899e+002, 4.54578592e+000,-5.33591082e-001, 1.60604139e+000, 6.42778023e+001, 1.50000000e+001, 9.99813295e+000, 8.89696776e+000, 1.50000000e+001, 9.99997822e+000,
 9.60000000e+001,-5.00597633e+001,-3.27847327e+002, 4.53524597e+000,-5.34827838e-001, 1.60883134e+000, 6.58849533e+001, 1.50000000e+001, 9.99939454e+000, 8.87690099e+000, 1.50000000e+001, 9.99999507e+000,
 9.70000000e+001,-4.77615720e+001,-3.23905698e+002, 4.52496135e+000,-5.35898430e-001, 1.61096702e+000, 6.74946384e+001, 1.50000000e+001, 9.99980629e+000, 8.85729170e+000, 1.50000000e+001, 9.99999998e+000,
 9.80000000e+001,-4.55778437e+001,-3.19910906e+002, 4.51491386e+000,-5.36809426e-001, 1.61255022e+000, 6.91062409e+001, 1.50000000e+001, 9.99993851e+000, 8.83810567e+000, 1.50000000e+001, 9.99999940e+000,
 9.90000000e+001,-4.35099366e+001,-3.15865927e+002, 4.50509805e+000,-5.37571837e-001, 1.61368522e+000, 7.07192492e+001, 1.50000000e+001, 9.99995762e+000, 8.81933447e+000, 1.50000000e+001, 9.91334824e+000,
 1.00000000e+002,-4.15592919e+001,-3.11773724e+002, 4.49545685e+000,-5.38184353e-001, 1.61431091e+000, 7.23332453e+001, 1.50000000e+001, 9.76912585e+000, 8.80086722e+000, 1.50000000e+001, 7.62701945e+000,
 1.01000000e+002,-3.97275829e+001,-3.07637553e+002, 4.48511722e+000,-5.38436007e-001, 1.61236955e+000, 7.39471054e+001, 1.50000000e+001, 9.71720057e+000, 8.78096972e+000, 1.50000000e+001, 9.99999958e+000,
 1.02000000e+002,-3.80156829e+001,-3.03461808e+002, 4.47423723e+000,-5.38351222e-001, 1.60893443e+000, 7.55580942e+001, 1.50000000e+001, 9.85335203e+000, 8.75995215e+000, 1.50000000e+001, 9.28886171e+000,
 1.03000000e+002,-3.64243318e+001,-2.99249978e+002, 4.46397105e+000,-5.38236827e-001, 1.60696367e+000, 7.71662006e+001, 1.50000000e+001, 9.61733249e+000, 8.74011291e+000, 1.50000000e+001, 6.33150104e+000,
 1.04000000e+002,-3.49540076e+001,-2.95005207e+002, 4.45330287e+000,-5.37879324e-001, 1.60355793e+000, 7.87721303e+001, 1.50000000e+001, 9.30568722e+000, 8.71944173e+000, 1.50000000e+001, 6.90259023e+000,
 1.05000000e+002,-3.36056082e+001,-2.90731849e+002, 4.44116185e+000,-5.37008383e-001, 1.59654686e+000, 8.03733236e+001, 1.50000000e+001, 9.09710626e+000, 8.69580884e+000, 1.50000000e+001, 9.97903571e+000,
 1.06000000e+002,-3.23798916e+001,-2.86434946e+002, 4.42780472e+000,-5.35669116e-001, 1.58738182e+000, 8.19663630e+001, 1.50000000e+001, 9.27784685e+000, 8.66971991e+000, 1.50000000e+001, 8.24989440e+000,
 1.07000000e+002,-3.12768423e+001,-2.82118655e+002, 4.41484412e+000,-5.34267704e-001, 1.58009958e+000, 8.35509112e+001, 1.50000000e+001, 8.99905268e+000, 8.64438170e+000, 1.50000000e+001, 6.71447201e+000,
 1.08000000e+002,-3.02960607e+001,-2.77786395e+002, 4.40135766e+000,-5.32632598e-001, 1.57196521e+000, 8.51281283e+001, 1.50000000e+001, 8.69468090e+000, 8.61797415e+000, 1.50000000e+001, 5.99003894e+000,
 1.09000000e+002,-2.94375325e+001,-2.73442613e+002, 4.38650868e+000,-5.30570712e-001, 1.56125103e+000, 8.66962710e+001, 1.50000000e+001, 8.38509692e+000, 8.58883761e+000, 1.50000000e+001, 5.34213377e+000,
 1.10000000e+002,-2.87013994e+001,-2.69092320e+002, 4.37006198e+000,-5.28023282e-001, 1.54797319e+000, 8.82526458e+001, 1.50000000e+001, 8.07199366e+000, 8.55650457e+000, 1.50000000e+001, 4.73363860e+000,
 1.11000000e+002,-2.80862839e+001,-2.64740705e+002, 4.35199907e+000,-5.24991782e-001, 1.53257758e+000, 8.97949104e+001, 1.50000000e+001, 7.75635503e+000, 8.52093989e+000, 1.50000000e+001, 4.16922808e+000,
 1.12000000e+002,-2.75910530e+001,-2.60392849e+002, 4.33235502e+000,-5.21498172e-001, 1.51550255e+000, 9.13211214e+001, 1.50000000e+001, 7.43887298e+000, 8.48221670e+000, 1.50000000e+001, 3.64793928e+000,
 1.13000000e+002,-2.72142009e+001,-2.56053720e+002, 4.31118248e+000,-5.17574318e-001, 1.49710796e+000, 9.28297447e+001, 1.50000000e+001, 7.12004269e+000, 8.44044442e+000, 1.50000000e+001, 3.16594351e+000,
 1.14000000e+002,-2.69538767e+001,-2.51728129e+002, 4.28853754e+000,-5.13255981e-001, 1.47767270e+000, 9.43195740e+001, 1.50000000e+001, 6.80022780e+000, 8.39574001e+000, 1.50000000e+001, 2.71996670e+000,
 1.15000000e+002,-2.68079303e+001,-2.47420712e+002, 4.26447499e+000,-5.08579794e-001, 1.45741067e+000, 9.57896552e+001, 1.50000000e+001, 6.47971019e+000, 8.34821814e+000, 1.50000000e+001, 2.30798737e+000,
 1.16000000e+002,-2.67739360e+001,-2.43135910e+002, 4.23904691e+000,-5.03581620e-001, 1.43648735e+000, 9.72392282e+001, 1.50000000e+001, 6.15872327e+000, 8.29798803e+000, 1.50000000e+001, 1.92911800e+000,
 1.17000000e+002,-2.68492292e+001,-2.38877959e+002, 4.21230224e+000,-4.98295690e-001, 1.41503317e+000, 9.86676843e+001, 1.50000000e+001, 5.83747357e+000, 8.24515246e+000, 1.50000000e+001, 1.58336419e+000,
 1.18000000e+002,-2.70310141e+001,-2.34650914e+002, 4.18428596e+000,-4.92754007e-001, 1.39315306e+000, 1.00074517e+002, 1.50000000e+001, 5.51615615e+000, 8.18980591e+000, 1.50000000e+001, 1.27141299e+000,
 1.19000000e+002,-2.73167176e+001,-2.30458778e+002, 4.15503533e+000,-4.86985643e-001, 1.37093294e+000, 1.01459224e+002, 1.50000000e+001, 5.19496879e+000, 8.13202728e+000, 1.50000000e+001, 9.94506523e-001,
 1.20000000e+002,-2.77024972e+001,-2.26304958e+002, 4.12459812e+000,-4.81019836e-001, 1.34844896e+000, 1.02821621e+002, 1.50000000e+001, 4.87411900e+000, 8.07191571e+000, 1.50000000e+001, 7.53605326e-001,
 1.21000000e+002,-2.81849883e+001,-2.22192817e+002, 4.09301256e+000,-4.74882305e-001, 1.32576545e+000, 1.04161469e+002, 1.50000000e+001, 4.55383548e+000, 8.00955104e+000, 1.50000000e+001, 5.49570775e-001,
 1.22000000e+002,-2.87607067e+001,-2.18125495e+002, 4.06031502e+000,-4.68596882e-001, 1.30293993e+000, 1.05478593e+002, 1.50000000e+001, 4.23437864e+000, 7.94500897e+000, 1.50000000e+001, 3.82530825e-001,
 1.23000000e+002,-2.94260699e+001,-2.14105915e+002, 4.02654033e+000,-4.62185703e-001, 1.28002495e+000, 1.06772869e+002, 1.50000000e+001, 3.91605135e+000, 7.87836185e+000, 1.50000000e+001, 2.51456292e-001,
 1.24000000e+002,-3.01774138e+001,-2.10136780e+002, 3.99172226e+000,-4.55669410e-001, 1.25706958e+000, 1.08044228e+002, 1.50000000e+001, 3.59921093e+000, 7.80967949e+000, 1.50000000e+001, 1.53878022e-001,
 1.25000000e+002,-3.10110178e+001,-2.06220581e+002, 3.95589389e+000,-4.49067352e-001, 1.23412047e+000, 1.09292647e+002, 1.50000000e+001, 3.28428316e+000, 7.73903010e+000, 1.50000000e+001, 8.58647006e-002,
 1.26000000e+002,-3.19231110e+001,-2.02359597e+002, 3.91908820e+000,-4.42397772e-001, 1.21122266e+000, 1.10518149e+002, 1.50000000e+001, 2.97178026e+000, 7.66648130e+000, 1.50000000e+001, 4.23025171e-002,
 1.27000000e+002,-3.29099160e+001,-1.98555921e+002, 3.88133828e+000,-4.35677976e-001, 1.18842030e+000, 1.11720794e+002, 1.50000000e+001, 2.66232658e+000, 7.59210071e+000, 1.50000000e+001, 1.74142397e-002,
 1.28000000e+002,-3.39680109e+001,-1.94811781e+002, 3.84267357e+000,-4.28924426e-001, 1.16575820e+000, 1.12900563e+002, 1.50000000e+001, 2.35671971e+000, 7.51594865e+000, 1.50000000e+001, 5.41453947e-003,
 1.29000000e+002,-3.50931142e+001,-1.91128492e+002, 3.80313643e+000,-4.22153366e-001, 1.14327955e+000, 1.14057752e+002, 1.50000000e+001, 2.05591232e+000, 7.43811026e+000, 1.50000000e+001, 9.69626217e-004,
 1.30000000e+002,-3.62814221e+001,-1.87507529e+002, 3.76276648e+000,-4.15380268e-001, 1.12102864e+000, 1.15192561e+002, 1.50000000e+001, 1.76115796e+000, 7.35866520e+000, 1.50000000e+001, 2.33711244e-005,
 1.31000000e+002,-3.75291566e+001,-1.83950179e+002, 3.72160787e+000,-4.08620289e-001, 1.09905083e+000, 1.16305236e+002, 1.50000000e+001, 1.47412644e+000, 7.27770178e+000, 1.50000000e+001, 6.23296700e-005,
 1.32000000e+002,-3.88325814e+001,-1.80457540e+002, 3.67971146e+000,-4.01888431e-001, 1.07739325e+000, 1.17396065e+002, 1.50000000e+001, 1.19712840e+000, 7.19532116e+000, 1.50000000e+001, 8.72571054e-005,
 1.33000000e+002,-4.01880106e+001,-1.77030525e+002, 3.63713797e+000,-3.95199738e-001, 1.05610579e+000, 1.18465389e+002, 1.50000000e+001, 9.33484624e-001, 7.11164359e+000, 1.50000000e+001, 3.21231995e-005,
 1.34000000e+002,-4.15918275e+001,-1.73669862e+002, 3.59396298e+000,-3.88569565e-001, 1.03524285e+000, 1.19513596e+002, 1.50000000e+001, 6.88097411e-001, 7.02681802e+000, 1.50000000e+001, 4.27446511e-006,
 1.35000000e+002,-4.30405119e+001,-1.70376081e+002, 3.55028471e+000,-3.82013975e-001, 1.01486594e+000, 1.20541133e+002, 1.50000000e+001, 4.68219385e-001, 6.94103733e+000, 1.50000000e+001, 2.57427106e-007,
 1.36000000e+002,-4.45306430e+001,-1.67149509e+002, 3.50623566e+000,-3.75550286e-001, 9.95047429e-001, 1.21548511e+002, 1.50000000e+001, 2.84022474e-001, 6.85456088e+000, 1.50000000e+001, 1.50166553e-008,
 1.37000000e+002,-4.60591816e+001,-1.63990673e+002, 3.46199813e+000,-3.69198577e-001, 9.75879480e-001, 1.22536197e+002, 1.50000000e+001, 1.47446510e-001, 6.76774483e+000, 1.50000000e+001, 0.00000000e+000,
 1.38000000e+002,-4.76227836e+001,-1.60898976e+002, 3.41781787e+000,-3.62979710e-001, 9.57460685e-001, 1.23505005e+002, 1.50000000e+001, 6.38262869e-002, 6.68106824e+000, 1.50000000e+001, 0.00000000e+000,
 1.39000000e+002,-4.92185968e+001,-1.57873942e+002, 3.37398058e+000,-3.56915810e-001, 9.39890543e-001, 1.24455722e+002, 1.50000000e+001, 2.36404675e-002, 6.59508764e+000, 1.50000000e+001, 0.00000000e+000,
 1.40000000e+002,-5.08440377e+001,-1.54914806e+002, 3.33075169e+000,-3.51025765e-001, 9.23229809e-001, 1.25389224e+002, 1.50000000e+001, 7.98836140e-003, 6.51031969e+000, 1.50000000e+001, 0.00000000e+000,
 1.41000000e+002,-5.24967818e+001,-1.52020570e+002, 3.28831291e+000,-3.45321471e-001, 9.07475371e-001, 1.26306423e+002, 1.50000000e+001, 2.59390241e-003, 6.42711796e+000, 1.50000000e+001, 0.00000000e+000,
 1.42000000e+002,-5.41747180e+001,-1.49190086e+002, 3.24675296e+000,-3.39807416e-001, 8.92571555e-001, 1.27208206e+002, 1.50000000e+001, 8.29791176e-004, 6.34565462e+000, 1.50000000e+001, 0.00000000e+000,
 1.43000000e+002,-5.58759046e+001,-1.46422147e+002, 3.20609709e+000,-3.34482637e-001, 8.78438754e-001, 1.28095393e+002, 1.50000000e+001, 2.63952640e-004, 6.26597818e+000, 1.50000000e+001, 0.00000000e+000,
 1.44000000e+002,-5.75985450e+001,-1.43715526e+002, 3.16633798e+000,-3.29342877e-001, 8.64995200e-001, 1.28968722e+002, 1.50000000e+001, 8.37451507e-005, 6.18807344e+000, 1.50000000e+001, 0.00000000e+000,
 1.45000000e+002,-5.93409501e+001,-1.41069004e+002, 3.12745442e+000,-3.24382086e-001, 8.52167117e-001, 1.29828855e+002, 1.50000000e+001, 2.65264692e-005, 6.11189806e+000, 1.50000000e+001, 0.00000000e+000,
 1.46000000e+002,-6.11016440e+001,-1.38481725e+002, 3.08942538e+000,-3.19594303e-001, 8.39894447e-001, 1.30676308e+002, 1.50000000e+001, 8.45916370e-006, 6.03741005e+000, 1.49999999e+001, 0.00000000e+000,
 1.47000000e+002,-6.28790259e+001,-1.35952178e+002, 3.05221916e+000,-3.14971205e-001, 8.28121069e-001, 1.31511684e+002, 1.49999999e+001, 2.69734037e-006, 5.96454632e+000, 1.49999999e+001, 0.00000000e+000,
 1.48000000e+002,-6.46716845e+001,-1.33479173e+002, 3.01580895e+000,-3.10505286e-001, 8.16802581e-001, 1.32335472e+002, 1.49999999e+001, 8.59389447e-007, 5.89325345e+000, 1.49999998e+001, 0.00000000e+000,
 1.49000000e+002,-6.64782981e+001,-1.31061573e+002, 2.98016942e+000,-3.06189233e-001, 8.05901829e-001, 1.33148109e+002, 1.49999998e+001, 2.73573552e-007, 5.82348093e+000, 1.49999996e+001, 0.00000000e+000,
 1.50000000e+002,-6.82976182e+001,-1.28698265e+002, 2.94527640e+000,-3.02015936e-001, 7.95387199e-001, 1.33950003e+002, 1.49999996e+001, 8.70095752e-008, 5.75518050e+000, 1.49999994e+001, 0.00000000e+000,
 1.51000000e+002,-7.01284633e+001,-1.26388157e+002, 2.91110682e+000,-2.97978559e-001, 7.85231477e-001, 1.34741527e+002, 1.49999993e+001, 2.76467931e-008, 5.68830616e+000, 1.49999990e+001, 0.00000000e+000,
 1.52000000e+002,-7.19697198e+001,-1.24130179e+002, 2.87763869e+000,-2.94070568e-001, 7.75410982e-001, 1.35523031e+002, 1.49999989e+001, 8.77567286e-009, 5.62281404e+000, 1.49999982e+001, 0.00000000e+000,
 1.53000000e+002,-7.38203332e+001,-1.21923285e+002, 2.84485104e+000,-2.90285753e-001, 7.65904886e-001, 1.36294841e+002, 1.49999981e+001, 2.78255870e-009, 5.55866226e+000, 1.49999970e+001, 0.00000000e+000,
 1.54000000e+002,-7.56793067e+001,-1.19766446e+002, 2.81272379e+000,-2.86618228e-001, 7.56694694e-001, 1.37057264e+002, 1.49999967e+001, 8.81259317e-010, 5.49581086e+000, 1.49999948e+001, 0.00000000e+000,
 1.55000000e+002,-7.75457272e+001,-1.17658927e+002, 2.78124124e+000,-2.83063020e-001, 7.47765298e-001, 1.37810541e+002, 1.49999943e+001, 2.80861463e-010, 5.43422841e+000, 1.49999910e+001, 0.00000000e+000,
 1.56000000e+002,-7.94186675e+001,-1.15599512e+002, 2.75038198e+000,-2.79614334e-001, 7.39100374e-001, 1.38554988e+002, 1.49999901e+001, 8.95605467e-011, 5.37387234e+000, 1.49999842e+001, 0.00000000e+000,
 1.57000000e+002,-8.12972747e+001,-1.13587189e+002, 2.72012778e+000,-2.76267119e-001, 7.30686067e-001, 1.39290872e+002, 1.49999827e+001, 2.85367028e-011, 5.31470641e+000, 1.49999723e+001, 0.00000000e+000,
 1.58000000e+002,-8.31807478e+001,-1.11621016e+002, 2.69046180e+000,-2.73016714e-001, 7.22509959e-001, 1.40018440e+002, 1.49999697e+001, 9.08536578e-012, 5.25669710e+000, 1.49999514e+001, 0.00000000e+000,
 1.59000000e+002,-8.50683279e+001,-1.09700070e+002, 2.66136787e+000,-2.69858733e-001, 7.14560631e-001, 1.40737924e+002, 1.49999467e+001, 2.89008854e-012, 5.19981224e+000, 1.49999147e+001, 0.00000000e+000,
 1.60000000e+002,-8.69592975e+001,-1.07823448e+002, 2.63283044e+000,-2.66789044e-001, 7.06827535e-001, 1.41449546e+002, 1.49999070e+001, 9.18438967e-013, 5.14402097e+000, 1.49998522e+001, 0.00000000e+000,
 1.61000000e+002,-8.88529780e+001,-1.05990267e+002, 2.60483459e+000,-2.63803754e-001, 6.99300882e-001, 1.42153520e+002, 1.49998399e+001, 2.91595999e-013, 5.08929363e+000, 1.49997496e+001, 0.00000000e+000,
 1.62000000e+002,-9.07487261e+001,-1.04199661e+002, 2.57736597e+000,-2.60899192e-001, 6.91971562e-001, 1.42850048e+002, 1.49997320e+001, 9.28696823e-014, 5.03560175e+000, 1.49995923e+001, 0.00000000e+000,
 1.63000000e+002,-9.26459312e+001,-1.02450783e+002, 2.55041075e+000,-2.58071897e-001, 6.84831056e-001, 1.43539323e+002, 1.49995719e+001, 3.06911198e-014, 4.98291791e+000, 1.49993803e+001, 0.00000000e+000,
 1.64000000e+002,-9.45440153e+001,-1.00743011e+002, 2.52395813e+000,-2.55318970e-001, 6.77872285e-001, 1.44221496e+002, 1.49993706e+001, 1.25421955e-014, 4.93122064e+000, 1.49991710e+001, 0.00000000e+000,
 1.65000000e+002,-9.64424258e+001,-9.90753766e+001, 2.49799336e+000,-2.52637037e-001, 6.71087111e-001, 1.44896771e+002, 1.49992082e+001, 8.98564802e-015, 4.88048075e+000, 1.49991537e+001, 0.00000000e+000,
 1.66000000e+002,-9.83406419e+001,-9.74470304e+001, 2.47250338e+000,-2.50023108e-001, 6.64468455e-001, 1.45565331e+002, 1.49992950e+001, 1.07406995e-014, 4.83067239e+000, 1.49996632e+001, 0.00000000e+000,
 1.67000000e+002,-1.00238174e+002,-9.58571964e+001, 2.44747627e+000,-2.47474483e-001, 6.58010138e-001, 1.46227338e+002, 1.49996717e+001, 1.53614564e-014, 4.78177199e+000, 1.49990676e+001, 0.00000000e+000,
 1.68000000e+002,-1.02134557e+002,-9.43051154e+001, 2.42290056e+000,-2.44988463e-001, 6.51704705e-001, 1.46882949e+002, 1.49910358e+001, 2.29467181e-014, 4.73375685e+000, 1.49307413e+001, 0.00000000e+000,
 1.69000000e+002,-1.04029351e+002,-9.27900468e+001, 2.39876713e+000,-2.42555770e-001, 6.45474161e-001, 1.47532307e+002, 1.46313453e+001, 3.36778616e-014, 4.68660748e+000, 1.27914765e+001, 0.00000000e+000,
 1.70000000e+002,-1.05922160e+002,-9.13112827e+001, 2.37509052e+000,-2.40080135e-001, 6.38355218e-001, 1.48175241e+002, 1.26292745e+001, 4.62537949e-014, 4.64033319e+000, 6.96081776e+000, 0.00000000e+000,
 1.71000000e+002,-1.07812695e+002,-8.98682072e+001, 2.35189612e+000,-2.37392294e-001, 6.28864306e-001, 1.48810236e+002, 9.65338886e+000, 5.70511742e-014, 4.59495008e+000, 1.50926204e+000, 0.00000000e+000,
 1.72000000e+002,-1.09700717e+002,-8.84602585e+001, 2.32917337e+000,-2.34409751e-001, 6.16643571e-001, 1.49434721e+002, 6.32539590e+000, 6.26508592e-014, 4.55042184e+000,-3.17122484e+000, 0.00000000e+000,
 1.73000000e+002,-1.11585949e+002,-8.70870173e+001, 2.30689642e+000,-2.31096596e-001, 6.01813924e-001, 1.50045929e+002, 2.85741294e+000, 6.14564975e-014, 4.50669216e+000,-7.13026064e+000, 0.00000000e+000,
 1.74000000e+002,-1.13468081e+002,-8.57477692e+001, 2.28503109e+000,-2.27441045e-001, 5.84655724e-001, 1.50641380e+002,-6.35148045e-001, 5.36226817e-014, 4.46369363e+000,-1.03391138e+001, 0.00000000e+000,
 1.75000000e+002,-1.15346752e+002,-8.44417905e+001, 2.26354417e+000,-2.23445761e-001, 5.65499572e-001, 1.51218899e+002,-4.05298073e+000, 3.86003128e-014, 4.42136402e+000,-1.27004647e+001, 0.00000000e+000,
 1.76000000e+002,-1.17221545e+002,-8.31683757e+001, 2.24240784e+000,-2.19126502e-001, 5.44719651e-001, 1.51776628e+002,-7.27199564e+000, 2.42198351e-014, 4.37965434e+000,-1.41457685e+001, 0.00000000e+000,
 1.77000000e+002,-1.19092013e+002,-8.19267692e+001, 2.22160421e+000,-2.14515600e-001, 5.22770277e-001, 1.52313109e+002,-1.01140110e+001, 1.23742368e-014, 4.33853820e+000,-1.47967616e+001, 0.00000000e+000,
 1.78000000e+002,-1.20957675e+002,-8.07161551e+001, 2.20113219e+000,-2.09666956e-001, 5.00232702e-001, 1.52827383e+002,-1.23513854e+001, 5.14118909e-015, 4.29802574e+000,-1.49791916e+001, 0.00000000e+000,
 1.79000000e+002,-1.22818064e+002,-7.95356465e+001, 2.18101149e+000,-2.04657673e-001, 4.77818482e-001, 1.53319123e+002,-1.38090189e+001, 1.79217979e-015, 4.25817134e+000,-1.49999081e+001, 0.00000000e+000,
 1.80000000e+002,-1.24672719e+002,-7.83842819e+001, 2.16127406e+000,-1.99575735e-001, 4.56230881e-001, 1.53788728e+002,-1.45475493e+001, 5.74568083e-016, 4.21905436e+000,-1.49981947e+001, 0.00000000e+000,
 1.81000000e+002,-1.26521232e+002,-7.72610444e+001, 2.14194337e+000,-1.94494637e-001, 4.35921781e-001, 1.54237220e+002,-1.48445431e+001, 2.13699494e-016, 4.18073439e+000,-1.49982921e+001, 0.00000000e+000,
 1.82000000e+002,-1.28363209e+002,-7.61650127e+001, 2.12302530e+000,-1.89460314e-001, 4.17019532e-001, 1.54665865e+002,-1.49483373e+001, 1.04067184e-016, 4.14323130e+000,-1.49990044e+001, 0.00000000e+000,
 1.83000000e+002,-1.30198338e+002,-7.50951193e+001, 2.10450976e+000,-1.84497258e-001, 3.99444433e-001, 1.55076094e+002,-1.49828676e+001, 4.33787703e-017, 4.10652991e+000,-1.49994589e+001, 0.00000000e+000,
 1.84000000e+002,-1.32026353e+002,-7.40503366e+001, 2.08638166e+000,-1.79618662e-001, 3.83052003e-001, 1.55469221e+002,-1.49942477e+001, 2.69432111e-017, 4.07060311e+000,-1.49997171e+001, 0.00000000e+000,
 1.85000000e+002,-1.33847009e+002,-7.30297447e+001, 2.06862601e+000,-1.74832365e-001, 3.67697530e-001, 1.55846372e+002,-1.49980241e+001, 1.75849691e-016, 4.03542301e+000,-1.49998576e+001, 0.00000000e+000,
 1.86000000e+002,-1.35660087e+002,-7.20324684e+001, 2.05122842e+000,-1.70143116e-001, 3.53251394e-001, 1.56208533e+002,-1.49993001e+001, 8.87837692e-016, 4.00096215e+000,-1.49999303e+001, 0.00000000e+000,
 1.87000000e+002,-1.37465397e+002,-7.10576743e+001, 2.03417539e+000,-1.65553640e-001, 3.39602310e-001, 1.56556568e+002,-1.49997431e+001, 3.52795864e-015, 3.96719448e+000,-1.49999668e+001, 0.00000000e+000,
 1.88000000e+002,-1.39262773e+002,-7.01045670e+001, 2.01745439e+000,-1.61065215e-001, 3.26655936e-001, 1.56891235e+002,-1.49999022e+001, 1.24731668e-014, 3.93409548e+000,-1.49999848e+001, 0.00000000e+000,
 1.89000000e+002,-1.41052069e+002,-6.91723871e+001, 2.00105371e+000,-1.56678034e-001, 3.14332449e-001, 1.57213205e+002,-1.49999617e+001, 3.95702208e-014, 3.90164211e+000,-1.49999934e+001, 0.00000000e+000,
 1.90000000e+002,-1.42833158e+002,-6.82604077e+001, 1.98496247e+000,-1.52391468e-001, 3.02564174e-001, 1.57523074e+002,-1.49999848e+001, 1.09846788e-013, 3.86981270e+000,-1.49999974e+001, 0.00000000e+000,
 1.91000000e+002,-1.44605902e+002,-6.73680044e+001, 1.96917155e+000,-1.48204634e-001, 2.91295225e-001, 1.57821333e+002,-1.49999940e+001, 2.59780027e-013, 3.83858902e+000,-1.49999990e+001, 0.00000000e+000,
 1.92000000e+002,-1.46370211e+002,-6.64944840e+001, 1.95367098e+000,-1.44115687e-001, 2.80475512e-001, 1.58108474e+002,-1.49999977e+001, 5.06186840e-013, 3.80795098e+000,-1.49999997e+001, 0.00000000e+000,
 1.93000000e+002,-1.48126029e+002,-6.56391537e+001, 1.93845091e+000,-1.40122284e-001, 2.70061552e-001, 1.58384961e+002,-1.49999991e+001, 7.75881842e-013, 3.77787875e+000,-1.49999999e+001, 0.00000000e+000,
 1.94000000e+002,-1.49873294e+002,-6.48013982e+001, 1.92350285e+000,-1.36222105e-001, 2.60017019e-001, 1.58651184e+002,-1.49999997e+001, 8.50860025e-013, 3.74835504e+000,-1.50000000e+001, 0.00000000e+000,
 1.95000000e+002,-1.51611946e+002,-6.39806270e+001, 1.90881872e+000,-1.32412658e-001, 2.50310432e-001, 1.58907500e+002,-1.49999999e+001, 5.21467080e-013, 3.71936346e+000,-1.50000000e+001, 0.00000000e+000,
 1.96000000e+002,-1.53341942e+002,-6.31762714e+001, 1.89439090e+000,-1.28691344e-001, 2.40914382e-001, 1.59154235e+002,-1.50000000e+001, 3.73129449e-013, 3.69088844e+000,-1.50000000e+001, 0.00000000e+000,
 1.97000000e+002,-1.55063247e+002,-6.23877845e+001, 1.88021211e+000,-1.25055497e-001, 2.31804892e-001, 1.59391692e+002,-1.50000000e+001, 4.53821264e-012, 3.66291511e+000,-1.50000000e+001, 0.00000000e+000,
 1.98000000e+002,-1.56775836e+002,-6.16146383e+001, 1.86627544e+000,-1.21502429e-001, 2.22960887e-001, 1.59620146e+002,-1.50000000e+001, 3.67646291e-011, 3.63542933e+000,-1.50000000e+001, 0.00000000e+000,
 1.99000000e+002,-1.58479692e+002,-6.08563251e+001, 1.85257430e+000,-1.18029450e-001, 2.14363754e-001, 1.59839858e+002,-1.50000000e+001, 3.78941904e-010, 3.60841760e+000,-1.50000000e+001, 0.00000000e+000,
 2.00000000e+002,-1.60174774e+002,-6.01124006e+001, 1.83910313e+000,-1.14634147e-001, 2.05997699e-001, 1.60051038e+002,-1.50000000e+001, 2.34685105e-008, 3.58186846e+000,-1.50000000e+001, 4.62761398e-007,
 2.01000000e+002,-1.61861081e+002,-5.93823852e+001, 1.82585582e+000,-1.11313863e-001, 1.97847839e-001, 1.60253916e+002,-1.50000000e+001, 8.14585064e-003, 3.55576940e+000,-1.50000000e+001, 5.45326530e-001,
 2.02000000e+002,-1.63538650e+002,-5.86657746e+001, 1.81294107e+000,-1.08053846e-001, 1.89772069e-001, 1.60448715e+002,-1.50000000e+001, 2.67156255e-001, 3.53032930e+000,-1.50000000e+001, 2.10192064e+000,
 2.03000000e+002,-1.65207886e+002,-5.79620294e+001, 1.80124843e+000,-1.04754707e-001, 1.80781052e-001, 1.60635188e+002,-1.50000000e+001, 5.66997181e-001, 3.50726297e+000,-1.50000000e+001, 3.29853078e+000,
 2.04000000e+002,-1.66870102e+002,-5.72703986e+001, 1.79150667e+000,-1.01320640e-001, 1.70097075e-001, 1.60812072e+002,-1.50000000e+001, 8.76451344e-001, 3.48797533e+000,-1.50000000e+001, 3.83332591e+000,
 2.05000000e+002,-1.68527131e+002,-5.65900022e+001, 1.78400959e+000,-9.76927236e-002, 1.57424574e-001, 1.60977540e+002,-1.50000000e+001, 1.18804975e+000, 3.47303279e+000,-1.50000000e+001, 4.26244509e+000,
 2.06000000e+002,-1.70181013e+002,-5.59199069e+001, 1.77885957e+000,-9.38298911e-002, 1.42674106e-001, 1.61129564e+002,-1.50000000e+001, 1.50040596e+000, 3.46263333e+000,-1.50000000e+001, 4.57153768e+000,
 2.07000000e+002,-1.71833856e+002,-5.52591538e+001, 1.77608755e+000,-8.96988782e-002, 1.25828559e-001, 1.61266058e+002,-1.50000000e+001, 1.81223774e+000, 3.45683812e+000,-1.50000000e+001, 4.75210865e+000,
 2.08000000e+002,-1.73487773e+002,-5.46067661e+001, 1.77569398e+000,-8.52706015e-002, 1.06897857e-001, 1.61384934e+002,-1.50000000e+001, 2.12193542e+000, 3.45565048e+000,-1.50000000e+001, 4.76411651e+000,
 2.09000000e+002,-1.75144888e+002,-5.39617692e+001, 1.77766714e+000,-8.05181542e-002, 8.59017140e-002, 1.61484055e+002,-1.50000000e+001, 2.42622952e+000, 3.45905128e+000,-1.50000000e+001, 4.47867024e+000,
 2.10000000e+002,-1.76807306e+002,-5.33231464e+001, 1.78196614e+000,-7.54192933e-002, 6.28902427e-002, 1.61561345e+002,-1.50000000e+001, 2.69334745e+000, 3.46696607e+000,-1.50000000e+001, 2.26168354e+000,
 2.11000000e+002,-1.78476993e+002,-5.26898489e+001, 1.78821125e+000,-7.00013776e-002, 3.84142969e-002, 1.61614951e+002,-1.50000000e+001, 2.43768469e+000, 3.47866690e+000,-1.50000000e+001, 5.19103649e-001,
 2.12000000e+002,-1.80154941e+002,-5.20610096e+001, 1.79433881e+000,-6.45446430e-002, 1.55164911e-002, 1.61644442e+002,-1.50000000e+001, 2.14222250e+000, 3.49017145e+000,-1.50000000e+001, 1.45711161e-001,
 2.13000000e+002,-1.81840128e+002,-5.14361455e+001, 1.79890754e+000,-5.92661807e-002,-3.96152833e-003, 1.61652292e+002,-1.50000000e+001, 1.84712256e+000, 3.49869375e+000,-1.50000000e+001, 5.69569671e-003,
 2.14000000e+002,-1.83530580e+002,-5.08150158e+001, 1.80146640e+000,-5.42483882e-002,-1.98104609e-002, 1.61642062e+002,-1.50000000e+001, 1.55769487e+000, 3.50335791e+000,-1.50000000e+001, 1.56131141e-003,
 2.15000000e+002,-1.85224078e+002,-5.01975145e+001, 1.80192213e+000,-4.95218305e-002,-3.23350340e-002, 1.61617281e+002,-1.50000000e+001, 1.27745322e+000, 3.50397894e+000,-1.50000000e+001, 4.90387576e-005,
 2.16000000e+002,-1.86918405e+002,-4.95836258e+001, 1.80031414e+000,-4.50961839e-002,-4.19790766e-002, 1.61581106e+002,-1.50000000e+001, 1.00943109e+000, 3.50062846e+000,-1.50000000e+001, 1.91578630e-004,
 2.17000000e+002,-1.88611434e+002,-4.89733990e+001, 1.79673805e+000,-4.09706979e-002,-4.91991660e-002, 1.61536240e+002,-1.50000000e+001, 7.58000578e-001, 3.49348725e+000,-1.50000000e+001, 4.32791759e-005,
 2.18000000e+002,-1.90301164e+002,-4.83669414e+001, 1.79132198e+000,-3.71380028e-002,-5.44271127e-002, 1.61484928e+002,-1.50000000e+001, 5.29696440e-001, 3.48279962e+000,-1.50000000e+001, 1.99676563e-006,
 2.19000000e+002,-1.91985746e+002,-4.77643890e+001, 1.78423666e+000,-3.35836349e-002,-5.80775843e-002, 1.61429002e+002,-1.50000000e+001, 3.33984204e-001, 3.46889293e+000,-1.50000000e+001, 1.51729821e-009,
 2.20000000e+002,-1.93663580e+002,-4.71658664e+001, 1.77571455e+000,-3.02845144e-002,-6.05604596e-002, 1.61369905e+002,-1.50000000e+001, 1.82373438e-001, 3.45221491e+000,-1.50000000e+001, 3.68994118e-009,
 2.21000000e+002,-1.95333309e+002,-4.65715001e+001, 1.76604737e+000,-2.72113376e-002,-6.22753575e-002, 1.61308649e+002,-1.50000000e+001, 8.33204742e-002, 3.43332893e+000,-1.50000000e+001, 0.00000000e+000,
 2.22000000e+002,-1.96993894e+002,-4.59813751e+001, 1.75558566e+000,-2.43287732e-002,-6.36097590e-002, 1.61245852e+002,-1.50000000e+001, 3.21123585e-002, 3.41291317e+000,-1.50000000e+001, 0.00000000e+000,
 2.23000000e+002,-1.98644655e+002,-4.53955143e+001, 1.74468184e+000,-2.16005981e-002,-6.48929665e-002, 1.61181764e+002,-1.50000000e+001, 1.10631659e-002, 3.39165011e+000,-1.50000000e+001, 0.00000000e+000,
 2.24000000e+002,-2.00285231e+002,-4.48138732e+001, 1.73361089e+000,-1.89963435e-002,-6.63430862e-002, 1.61116342e+002,-1.50000000e+001, 3.61605970e-003, 3.37007229e+000,-1.50000000e+001, 0.00000000e+000,
 2.25000000e+002,-2.01915492e+002,-4.42363573e+001, 1.72253943e+000,-1.64940599e-002,-6.80618639e-002, 1.61049374e+002,-1.50000000e+001, 1.15821747e-003, 3.34850228e+000,-1.50000000e+001, 0.00000000e+000,
 2.26000000e+002,-2.03535437e+002,-4.36628403e+001, 1.71155033e+000,-1.40787665e-002,-7.00720992e-002, 1.60980579e+002,-1.50000000e+001, 3.68174000e-004, 3.32710023e+000,-1.50000000e+001, 0.00000000e+000,
 2.27000000e+002,-2.05145102e+002,-4.30931887e+001, 1.70067948e+000,-1.17400011e-002,-7.23578610e-002, 1.60909665e+002,-1.50000000e+001, 1.16964365e-004, 3.30593521e+000,-1.50000000e+001, 0.00000000e+000,
 2.28000000e+002,-2.06744546e+002,-4.25272632e+001, 1.68994055e+000,-9.46981858e-003,-7.48884086e-002, 1.60836361e+002,-1.50000000e+001, 3.73238199e-005, 3.28503320e+000,-1.50000000e+001, 0.00000000e+000,
 2.29000000e+002,-2.08333906e+002,-4.19648974e+001, 1.67933672e+000,-7.26136089e-003,-7.76285340e-002, 1.60760446e+002,-1.50000000e+001, 1.18985349e-005, 3.26439996e+000,-1.50000000e+001, 0.00000000e+000,
 2.30000000e+002,-2.09913278e+002,-4.14059407e+001, 1.66886801e+000,-5.10912410e-003,-8.05460897e-002, 1.60681722e+002,-1.49999991e+001, 3.78980429e-006, 3.24403509e+000,-1.49999449e+001, 0.00000000e+000,
 2.31000000e+002,-2.11482753e+002,-4.08502454e+001, 1.65853451e+000,-3.01144886e-003,-8.35784302e-002, 1.60600025e+002,-1.42145976e+001, 1.20601912e-006, 3.22393848e+000,-2.21907368e+000, 0.00000000e+000,
 2.32000000e+002,-2.13042429e+002,-4.02976205e+001, 1.64840135e+000,-1.11869216e-003,-8.50838710e-002, 1.60515658e+002,-1.01996950e+001, 3.83494097e-007, 3.20423663e+000, 1.03720992e+001, 2.92697047e-009,
 2.33000000e+002,-2.14592414e+002,-3.97477037e+001, 1.63849543e+000, 4.20214692e-004,-8.37423701e-002, 1.60430858e+002,-5.91626382e+000, 3.00068999e-008, 3.18498042e+000, 1.44441105e+001, 2.84783807e-008,
 2.34000000e+002,-2.16132802e+002,-3.92001257e+001, 1.62877165e+000, 1.58421118e-003,-7.97002070e-002, 1.60348438e+002,-1.71904643e+000,-7.23579258e-008, 3.16608030e+000, 1.49868649e+001, 1.19404210e-008,
 2.35000000e+002,-2.17663664e+002,-3.86545948e+001, 1.61918458e+000, 2.37184128e-003,-7.32593764e-002, 1.60270984e+002, 2.25252073e+000, 9.56651665e-008, 3.14744640e+000, 1.49999798e+001, 0.00000000e+000,
 2.36000000e+002,-2.19185037e+002,-3.81109020e+001, 1.60969646e+000, 2.79254303e-003,-6.47708421e-002, 1.60200779e+002, 5.89699347e+000, 5.57736960e-008, 3.12900430e+000, 1.49999999e+001, 0.00000000e+000,
 2.37000000e+002,-2.20696933e+002,-3.75689195e+001, 1.60028029e+000, 2.86621074e-003,-5.46290720e-002, 1.60139761e+002, 9.07941740e+000, 2.01275519e-008, 3.11070101e+000, 1.49999993e+001, 0.00000000e+000,
 2.38000000e+002,-2.22199446e+002,-3.70285791e+001, 1.59092237e+000, 2.62912163e-003,-4.33106045e-002, 1.60089365e+002, 1.16270369e+001, 6.65083445e-009, 3.09250991e+000, 1.50000000e+001, 0.00000000e+000,
 2.39000000e+002,-2.23692637e+002,-3.64898913e+001, 1.58162551e+000, 2.13097922e-003,-3.13651328e-002, 1.60050564e+002, 1.33816184e+001, 2.14296627e-009, 3.07443683e+000, 1.50000000e+001, 0.00000000e+000,
 2.40000000e+002,-2.25176603e+002,-3.59529290e+001, 1.57240602e+000, 1.43210046e-003,-1.93714303e-002, 1.60023761e+002, 1.38928087e+001, 6.84740218e-010, 3.05651405e+000, 9.69465198e-001, 0.00000000e+000,
 2.41000000e+002,-2.26651499e+002,-3.54178381e+001, 1.56334920e+000, 7.34140384e-004,-9.32666778e-003, 1.60008486e+002, 9.71986123e+000, 2.18077422e-010, 3.03890807e+000,-1.45191812e+001, 0.00000000e+000,
 2.42000000e+002,-2.28117651e+002,-3.48849292e+001, 1.55451095e+000, 2.55076891e-004,-3.06037290e-003, 1.60001812e+002, 5.36124009e+000, 6.93338597e-011, 3.02172759e+000,-1.49998505e+001, 0.00000000e+000,
 2.43000000e+002,-2.29575393e+002,-3.43545375e+001, 1.54584247e+000, 2.13737839e-005,-2.43504303e-004, 1.60000068e+002, 1.18026577e+000, 2.20187532e-011, 3.00487737e+000,-1.49999998e+001, 0.00000000e+000,
 2.44000000e+002,-2.30000000e+002,-3.42000000e+001, 1.54333333e+000, 2.76228277e-017, 9.32788092e-018, 1.60000000e+002,-8.09922669e-016, 0.00000000e+000, 3.00000000e+000,-1.50000000e-001, 0.00000000e+000,
